2*1
1 -1 -2 0 3
2*2
1 -4 2 4 2 -4 -6 0 6
2*3
1 -7 15 -6 -9 -5 11 8 4 -9 -12 0 10
2*4
1 -10 37 -58 23 20 15 -34 -16 6 15 16 7 -16 -20 0 15
2*5
1 -13 68 -179 233 -100 -37 -54 114 21 -22 -63 3 2 22 28 11 -25 -30 0 21
2*6
1 -16 108 -396 837 -968 459 14 223 -410 19 74 167 -30 -80 -36 -3 -4 32 44 16 -36 -42 0 28
2*7
1 -19 157 -736 2132 -3862 4132 -2153 417 -1002 1566 -355 -185 -492 279 147 172 -159 -35 -39 -15 -12 45 64 22 -49 -56 0 36
2*8
1 -22 215 -1226 4496 -10978 17742 -18016 10184 -3506 4708 -6292 2286 212 1589 -1400 -234 -254 435 240 -18 -126 -21 -46 -33 -22 61 88 29 -64 -72 0 45
2*9
1 -25 282 -1893 8388 -25673 55015 -81485 79858 -48320 21673 -22593 26353 -12217 1436 -5760 6244 -447 522 -1927 233 -282 817 -57 21 -128 -4 -57 -57 -34 80 116 37 -81 -90 0 55
2*10
1 -28 358 -2764 14348 -52708 140207 -270978 374851 -358558 229484 -120032 109375 -114100 61061 -15510 23395 -26954 6713 -1844 7203 -2780 109 -1522 -11 358 522 -46 12 -122 16 -72 -87 -48 102 148 46 -100 -110 0 66
